0
125
65 88022
67 92294
68 92413
69 92473
70 92592
71 92652
73 92771
74 92831
75 92950
76 93069
77 93129
78 93308
79 93427
80 93487
81 93606
83 93725
85 93784
86 93903
87 93963
88 94082
89 94142
90 94261
91 94380
92 94440
93 94559
94 94619
96 94738
97 94797
98 94917
99 95036
100 95096
102 95215
103 95275
104 95394
105 95454
106 95573
107 95692
108 95752
110 95871
111 95931
113 96050
114 96110
116 96229
117 96348
118 96408
119 96527
120 96587
122 96706
124 96765
125 96884
126 97003
127 97063
129 97182
131 97242
132 97361
133 97421
135 97540
136 97659
138 97719
140 97838
142 97897
144 98016
145 98195
146 98314
147 98374
149 98493
150 98553
151 98672
152 98791
153 98851
154 98970
155 99030
156 99149
157 99209
158 99328
159 99447
161 99507
162 99626
163 99686
165 99803
166 99863
168 99982
170 100101
171 100161
173 100280
175 100339
176 100458
177 100518
178 100637
179 100756
180 100816
182 100935
183 100995
185 101114
186 101174
187 101411
188 101471
190 101708
192 101768
194 101887
195 101947
196 102126
197 102245
198 102305
199 102424
200 102543
201 102603
203 104313
204 105386
205 106187
207 106188
209 156540
210 159502
212 159503
213 161677
214 162176
216 163003
217 163814
218 164816
220 165466
221 168064
222 168998
224 177097
225 179771
226 180526
